rgb:0.368627
wt:0.143137
loggabor:0.313725
wt+loggabor:0.086275
fuse:0.192157